     0.100     0.200     0.248
     0.300     0.200     1.144
     0.500     0.200     2.018
     0.700     0.200     2.858
     0.900     0.200     3.649
     1.100     0.200     4.349
     1.300     0.200     4.916
     1.500     0.200     5.424
     1.700     0.200     5.892
     1.900     0.200     6.324
     2.100     0.200     6.721
     2.300     0.200     7.084
     2.500     0.200     7.411
     2.700     0.200     7.703
     2.900     0.200     7.961
     3.100     0.200     8.187
     3.300     0.200     8.382
     3.500     0.200     8.548
     3.700     0.200     8.688
     3.900     0.200     8.805
     4.100     0.200     8.900
     4.300     0.200     8.977
     4.500     0.200     9.038
     4.700     0.200     9.084
     4.900     0.200     9.118
     5.100     0.200     9.143
     5.300     0.200     9.159
     5.500     0.200     9.169
     5.700     0.200     9.174
     5.900     0.200     9.175
     6.100     0.200     9.175
     6.300     0.200     9.175
     6.500     0.200     9.175
     6.700     0.200     9.175
     6.900     0.200     9.175
     7.100     0.200     9.175
     7.300     0.200     9.175
     7.500     0.200     9.175
     7.700     0.200     9.175
     7.900     0.200     9.175
     8.100     0.200     9.175
     8.300     0.200     9.175
     8.500     0.200     9.175
     8.700     0.200     9.175
     8.900     0.200     9.175
     9.100     0.200     9.175
     9.300     0.200     9.175
     9.500     0.200     9.175
     9.700     0.200     9.175
     9.900     0.200     9.175
    10.100     0.200     9.175
    10.300     0.200     9.175
    10.500     0.200     9.175
    10.700     0.200     9.175
    10.900     0.200     9.175
    11.100     0.200     9.175
    11.300     0.200     9.175
    11.500     0.200     9.175
    11.700     0.200     9.175
    11.900     0.200     9.175
