  0.00 1.00000  
  0.10 0.99999 
  0.20 0.99994 
  0.30 0.99955  
  0.40 0.99882
  0.50 0.99770  
  0.60 0.99612 
  0.70 0.99392  
  0.80 0.99119  
  0.90 0.98790
  1.00 0.98409  
  1.10 0.97990  
  1.20 0.97544  
  1.30 0.97083  
  1.40 0.96569
  1.50 0.96028  
  1.60 0.95437  
  1.70 0.94813  
  1.80 0.94163  
  1.90 0.93491
  2.00 0.92800  
  2.10 0.92107  
  2.20 0.91400  
  2.30 0.90680 
  2.40 0.89946
  2.50 0.89200  
  2.60 0.88431  
  2.70 0.87654 
  2.80 0.86870  
  2.90 0.86072
  3.00 0.85300 
  3.10 0.84532  
  3.20 0.83768  
  3.30 0.83008 
  3.40 0.82252
  3.50 0.81500 
  3.60 0.80752  
  3.70 0.80008 
  3.80 0.79268  
  3.90 0.78532
  4.00 0.77800  
  4.10 0.77072 
  4.20 0.76342  
  4.30 0.75622  
  4.40 0.74907
  4.50 0.74200 
  4.60 0.73510  
  4.70 0.72827  
  4.80 0.72160  
  4.90 0.71480
  5.00 0.70800  
  5.10 0.70120  
  5.20 0.69440  
  5.30 0.68747  
  5.40 0.68070
  5.50 0.67400  
  5.60 0.66747 
  5.70 0.66102 
  5.80 0.65462  
  5.90 0.64832
  6.00 0.64200
  6.10 0.63572 
  6.20 0.62948 
  6.30 0.62328
  6.40 0.61712
  6.50 0.61100 
  6.60 0.60492 
  6.70 0.59888
  6.80 0.59293 
  6.90 0.58692
  7.00 0.58100 
  7.10 0.57500 
  7.20 0.56900 
  7.30 0.56300 
  7.40 0.55700
  7.50 0.55100 
  7.60 0.54500 
  7.70 0.53900 
  7.80 0.53275
  7.90 0.52685
  8.00 0.52100
  8.10 0.51521 
  8.20 0.50949 
  8.30 0.50384 
  8.40 0.49828
  8.50 0.49280 
  8.60 0.48742 
  8.70 0.48214 
  8.80 0.47697 
  8.90 0.47193
  9.00 0.46700
